1 1
1 2
9 9
43421 80522
67238 27927
10180 66970
46365 27523
14640 25707
56320 12293
24700 34393
33368 353
63513 68249
37925 49391
58611 19967
14144 66637
62134 10955
9739 16011
87822 88645
79166 86191
30470 41242
18211 62756
278 47001
72707 70927
83219 21269
62014 39026
45730 24271
2519 5381
61123 25595
45561 40444
17080 36085
47039 66056
82066 85566
84210 63129
65672 86239
43832 79728
52483 12493
59493 68394
49320 52760
80380 48551
3928 48891
73161 52393
57773 56010
81604 75679
32474 35247
71331 43516
19571 49554
51471 34722
14202 17988
14227 45680
35407 79873
2365 58058
42804 4241
63352 68209
26759 2123
51013 53732
16124 37039
3048 40525
32556 80249
25495 1003
44518 65029
30934 13178
47899 64088
82075 82404
44436 62100
58325 12653
77063 86194
435 67041
45250 29866
38340 63786
27517 78360
25398 5705
46229 43641
33889 28445
35799 78784
60165 65735
78912 80316
60755 1098
83502 43162
21614 59182
71834 44289
40482 79938
56978 58896
5113 40916
14702 12227
587 43453
49157 48570
2210 32336
67133 5385
521 42450
24537 12931
9599 60685
61782 13448
62962 70353
39534 61635
15923 84575
74512 27720
86615 56405
13672 47841
60068 8080
51532 28373
76943 67006
15693 10688
22424 85504
44306 82825
12108 22944
83628 68842
88641 21706
2058 61762
39748 61602
62528 47944
75663 55671
28427 53391
11232 78629
86708 42098
76823 77651
61008 54591
65278 70117
71972 76700
69525 4054
26997 26277
11470 81632
19689 26977
5090 16463
84416 21746
76041 44837
16859 56944
20334 61703
56684 51637
3735 31565
25567 53391
17982 86909
73377 86574
73274 89611
3664 55348
87977 59150
57133 37013
70341 9446
25908 76821
14918 75430
30266 26676
83619 959
69013 53477
15113 20304
58221 35696
89087 25199
22107 83787
80361 23420
23030 11835
67183 69986
45487 33046
70058 71511
80956 18971
12143 56750
42179 23216
49891 27060
34370 78796
42272 49861
70164 13383
49078 63737
88935 38384
38523 54516
84287 27394
39228 28883
15220 23669
56714 22762
4272 67058
86028 43123
9872 1580
31147 8170
41581 52050
47197 87389
53601 75951
5685 5821
69557 33764
78500 54762
25630 68491
12236 27022
62256 19916
43584 57816
80577 83827
60884 16649
59771 1201
9132 56911
71432 75994
38043 40278
37666 23012
15314 1592
7412 7618
41381 20998
82112 76968
61810 36232
69605 17741
44008 80398
48213 41860
42038 3944
20592 45141
46341 12921
76183 86715
72708 55472
12101 57614
86978 27103
28694 56118
63735 12291
33289 42457
29424 21468
57699 25400
49492 7585
87982 37304
85515 9851
13794 52546
7687 37553
56825 40738
37452 60379
32203 43008
16973 26511
53613 44303
16773 13950
32593 88658
41114 80507
11974 65881
7632 76889
826 76025
23328 63475
73325 5159
57705 25194
62746 3471
50560 71743
48473 29571
78930 4363
30873 80675
41330 12254
26204 838
89495 58102
54960 65148
41028 46961
40201 66934
52958 55011
34837 41026
46185 82637
17830 24513
27983 20241
1983 86928
32850 84894
89256 50455
47482 21779
34032 36481
37318 88811
63264 66587
41734 43164
124 28223
5156 89113
60475 40325
87702 64465
63453 5311
29824 43886
64126 81283
84562 64158
65404 72460
32915 27411
55541 64659
11139 80396
85558 89572
72511 54808
7972 58821
87043 24244
29709 14447
61123 8551
79367 183
11846 58825
19062 52820
50454 48021
28530 83188
65647 45015
72425 3933
68592 14913
11660 37965
43888 86082
50890 7217
66037 26398
56994 65213
79659 69432
77982 3054
3236 57134
25958 67348
30167 21433
69453 51371
50910 86972
41986 7983
18267 26557
47821 30762
75078 3210
89292 59481
73049 28966
61715 56533
31745 55438
34869 35060
38113 27755
1240 29202
6549 47701
69133 33549
84920 43068
40039 54938
62920 45829
78737 88377
29138 87538
748 36558
12390 14216
49533 39
62923 85438
57227 27599
69011 11019
45125 2095
31296 17123
71175 46365
79913 44197
3616 50308
15245 74832
30661 43654
42030 84516
82053 19397
62306 77520
8087 89152
5542 74695
76485 63971
7921 68464
79482 50063
52158 76931
10406 34607
80971 89805
50353 81580
48239 77235
62067 53968
13974 63483
64350 2727
28475 62355
49874 62755
61906 781
81827 64312
38282 67448
45911 74663
34726 46203
33133 41745
82703 3235
9391 49890
41470 80025
67259 59744
30063 89708
69543 39325
48403 44036
16391 43892
22998 83230
362 72616
46928 84904
62351 82188
73203 85209
47763 24613
72709 24280
27514 87248
47137 65411
55435 43256
12999 88606
4666 39046
84722 49414
3449 74208
34451 49477
42706 19839
2455 57449
58704 43067
41606 55734
50942 37406
62018 31160
55439 8705
12304 44727
26489 89304
42560 59440
64398 88276
37321 61910
21323 69063
59622 38394
87870 24772
50962 10424
74224 46927
6345 59768
25501 42927
80332 54303
85462 82795
7851 58702
19780 57253
56556 20154
79593 46268
50895 15467
77377 53990
39404 88215
42961 15051
46174 15377
25801 40830
87757 7136
73255 16376
59303 4101
64755 15108
7902 55986
31039 60217
27469 15752
35905 50818
13438 376
15843 31849
2191 64332
68899 9571
24621 41594
63323 21859
62688 70795
84282 89123
15498 66796
77249 67536
82643 81152
53490 52003
28571 6896
22647 84528
45346 56039
62767 64903
6752 58783
39466 78609
88179 15294
63239 18364
40222 29151
9945 36561
42035 19262
86057 10578
78114 63885
55036 79657
48012 77108
84004 24877
19405 76582
42621 23002
4257 71102
46236 21739
10347 17360
32653 85701
14065 14877
44027 5891
42452 60638
79899 60324
70901 838
64722 75956
71964 65366
52474 36110
60986 29975
16557 52829
82182 86742
67843 65529
87267 86438
20149 30430
26131 13965
28841 52801
65044 46547
17184 79219
49542 23847
24684 7083
89390 36795
12160 89406
41867 71353
17680 70985
40165 12852
9594 34236
9764 32347
35136 83788
24218 13382
27346 55285
24437 56700
13246 62538
51756 89480
23326 30429
43863 17650
54444 48010
53767 43252
30957 72955
53940 5633
24836 48636
82871 4104
42802 34429
34569 8986
28719 77938
49574 58786
25485 56064
34953 74010
79842 45082
75510 3060
20709 13167
67528 29373
78976 81504
64459 37646
43278 19932
68567 28398
38853 68114
18894 61437
76774 81655
75944 59814
28599 15492
77907 35517
25878 60435
15516 22859
25919 15719
35238 7378
43102 52979
44483 19117
56763 32077
52009 25293
60042 10040
84505 30575
8364 8894
6900 19751
79564 85137
16981 82843
34711 24515
84949 4887
34098 66941
82659 16817
24194 66368
29346 34248
53365 67295
9371 80180
21824 20127
36518 61379
8306 81865
7111 31023
50773 23021
24509 14010
13205 46688
71202 41489
52728 47915
24855 66151
82967 86825
63192 23866
64465 23512
806 8889
89069 27829
47955 16528
84259 27244
19109 825
31847 8916
31936 32571
52932 88971
45658 56444
14285 66136
30403 26860
9362 67012
70188 61609
1826 8680
32191 49731
58619 66291
4119 39348
55875 64039
1283 58426
59250 56485
65400 26743
59313 7448
6418 7335
70131 22244
4732 58427
1638 84415
61426 35134
13094 10999
26030 47965
7695 14920
81210 58220
13919 72665
46704 1680
66457 76146
42630 54338
87432 42058
49505 24382
38068 56744
85339 62274
30701 18198
12612 70
41555 38690
56041 80389
38353 54649
75920 82070
50290 52399
35064 73481
75160 70560
56705 88119
52456 57969
10026 15687
40068 56239
29334 59531
38156 78135
12685 24672
31094 75208
23898 25296
22037 79000
50000 79938
72007 66741
29140 35919
19399 38648
25560 70555
68673 10911
68879 82264
14302 37480
3718 85256
61138 54369
48856 33051
64074 9294
853 61540
3187 11519
519 24750
21039 31575
8316 50518
2789 9398
54397 43807
24361 28539
45801 79956
78572 3033
46864 31031
26287 2873
63594 50581
89983 87424
13069 28801
6692 70408
81927 13922
45023 16230
47805 82445
49314 72414
81811 62472
16278 58454
3345 52559
48867 46990
56374 49145
80176 37438
46662 13237
70169 16462
20237 26607
61759 70151
50558 39658
53579 68450
84680 48836
47632 14953
87366 42484
14955 13298
71751 85528
48087 37584
84573 75095
40592 13305
57094 57298
70534 30767
53580 20107
46714 50702
37204 73816
29825 18472
86922 4113
59301 89755
14708 87953
40436 16932
30229 18425
13953 61742
15677 18332
9778 68391
81695 16601
73898 50369
87487 55140
75246 54431
21484 51066
41234 31959
56783 65039
75503 71058
70813 60056
58008 44803
61735 1872
20296 14795
82888 8315
32998 40600
18990 8564
25164 42776
9496 17036
72175 9061
69843 6983
58048 63773
5731 7678
72716 9281
86691 68865
45272 58218
19373 67503
69374 13279
34425 87459
5773 6021
46621 27312
42227 38771
87898 71962
88998 73742
89154 7393
14375 77524
57648 68996
76673 78775
4407 69731
48595 65740
33958 1097
74951 3867
23497 59682
57140 60676
66697 64274
7937 69264
24386 29669
11630 50164
40257 22283
29676 16979
10855 39411
18406 50402
45528 68502
48232 11431
77170 49935
57383 6827
17045 27479
87160 48686
19361 46893
21166 54299
33563 2409
38429 29103
85618 57948
86583 50059
67037 35874
75284 32610
83011 77891
62745 10042
21472 38539
4825 20976
34154 8641
36120 62207
27244 57550
14443 39631
3930 52957
61717 41960
77414 43844
18143 10146
60204 73031
25257 14725
47334 43592
37835 10540
26933 46697
1587 10579
37906 48404
63397 6411
74969 72060
45961 15868
55498 12213
71521 66755
18715 65779
19622 43237
53382 6128
85511 37765
58841 23585
73529 20767
37658 22527
69223 21363
31941 70943
29346 70809
83571 76198
58257 9094
24961 68539
87103 20570
87324 86811
62589 68623
28212 16038
28518 82211
36327 81593
21530 24028
51146 11519
34045 5058
26420 5155
76097 13267
84075 64712
50909 21795
30888 83997
68888 25518
46087 62201
59011 65990
50965 43410
65800 31599
30161 79176
77120 4317
34696 66487
78006 8649
20058 85841
995 22050
41669 52829
33892 77092
15238 42095
36092 84801
26670 46125
18325 14979
87320 79108
32517 77335
25286 54636
50163 8316
18984 55446
38285 37283
52283 53679
49519 32642
61043 78693
41521 56866
50309 12711
54806 75413
76565 65546
28022 7249
28579 19586
8693 46347
40033 25898
80534 47561
62229 71670
37116 47048
84330 81212
44891 81752
24393 52965
41657 10761
73978 85435
14498 89529
81293 34286
16183 75655
82903 74209
3794 50557
6903 21481
53730 12486
66399 53287
41309 50615
7663 38627
29838 84776
76527 1992
61308 81080
1841 10919
12705 19316
18845 82170
32808 27202
19208 16489
698 48990
9546 12110
39942 4491
23329 22800
82439 10024
60638 89727
38353 33747
34874 68300
76644 74542
65622 21400
38670 47951
73619 73814
65983 51374
84928 8815
25303 8790
64132 14135
32597 26000
36843 80029
12829 78890
88913 66523
72601 11619
51717 59551
37850 27305
11846 86590
17989 30845
85148 77467
67632 63010
24383 68766
77580 43615
58756 25662
39797 12882
45234 32887
22916 72393
67634 82076
64950 42096
53714 66547
36097 47550
74854 21782
18371 80298
21143 86699
80518 42711
15720 16290
1407 58149
18115 46454
72116 78986
8219 76871
19757 28264
17008 59804
51879 49024
1119 84641
61187 26828
80729 61184
82965 7283
3933 65582
68633 11335
60397 25075
47716 59150
33650 76116
38922 55474
50811 51765
38635 21037
49300 59029
28833 64743
23767 66307
60947 87063
30243 31237
2421 32134
45768 20971
2905 85385
13072 49700
81126 71537
40686 79820
72288 45193
17018 80687
42451 21209
42245 67828
43209 87437
68532 7896
74202 78393
75455 8650
39886 51500
89985 22049
49372 42306
44043 45753
11804 58628
40164 63466
53285 9282
60826 87201
77887 35572
56780 77844
55671 36690
40478 9024
23271 8879
3623 19009
34010 13824
65324 79078
17478 73896
32553 65308
27412 73201
41828 82947
56412 45568
54849 88343
85543 19697
55268 32026
19869 79782
26471 22048
37423 81892
770 66948
2309 60694
74517 4393
89822 36318
26565 56192
37852 23651
13204 59118
52064 71615
27182 55031
53374 18476
38172 88382
30408 55268
45049 9791
31838 56628
48519 71519
54819 69261
46306 55641
66385 63479
9796 37174
3366 72558
6208 42713
18182 41217
22831 19411
80794 70245
5072 56365
54746 44167
9434 49595
59386 1505
58133 60835
42353 7575
83187 16651
72291 13523
77001 39492
76666 55027
37584 3149
45861 80031
37599 43792
69554 64042
50638 60429
26793 60347
20865 62062
28008 87891
89395 36651
7485 3745
11320 63879
80530 56189
69712 4506
43998 69172
34199 63064
66212 37015
27045 78134
38277 28424
8817 70995
47775 17831
84529 59455
37868 80920
78810 21746
64748 65875
69620 84556
58435 72232
44772 87291
1796 55316
40839 30835
