1 1
1 2
9 9
1 999999
999999 999999
127125 120007
955134 809550
421020 125251
615939 747367
60058 603600
927848 369009
691829 700061
514275 368282
516773 901869
815271 694085
13000 986055
464112 861867
17575 930452
689039 508595
133284 964241
598453 680793
490343 774612
899862 67792
329363 911362
29168 515801
884810 389420
603685 957015
839502 576639
992712 117960
326250 356275
342331 322189
184056 339249
269701 806442
829241 715835
194281 472944
153738 476729
251341 792733
374729 644080
69648 151204
667004 218296
607716 613019
570034 66019
642658 725605
843565 409536
280016 149575
471763 684019
23268 136551
457197 655819
885858 807172
794320 800643
277372 80139
387077 948057
106343 528713
194121 761805
494306 690194
303213 861124
927143 616226
341831 387451
311192 84006
233580 185396
869414 591207
241962 705343
875366 406886
728262 213363
14006 761224
841362 522583
984844 805582
334295 742643
18654 605391
295585 528415
903743 512959
129185 598797
500453 345091
429096 471015
170616 811644
917055 662676
882223 554234
475325 159017
886583 271794
33018 203587
240374 900589
706171 388584
645432 225219
344814 554670
597289 664085
177044 640399
753400 501032
846123 306228
291447 253853
65497 789423
966303 462062
16297 982551
655772 848526
120320 491621
209412 542356
957149 667541
570330 449786
189209 177525
732194 215762
879846 534022
688625 329483
344719 571094
877321 442026
210083 705046
494470 168768
145035 275580
772335 460773
309300 161331
167156 942312
484668 943823
125570 890771
340557 956021
133546 210104
940069 529765
577992 379944
223631 334120
905213 266617
708642 82554
787600 782534
465506 918725
708509 282070
742842 610540
286075 995048
937360 566346
510170 453230
858206 936232
892253 149944
360047 198763
242733 540003
434151 300116
634235 820724
601545 657781
740335 539448
836186 310188
743117 527935
324209 815896
426437 965830
960878 67051
633397 226716
194151 412444
348676 657771
807714 52357
251119 755134
295137 681965
982080 8056
342984 729288
901273 130520
184172 944529
768921 155813
197952 534562
350458 26243
992072 522160
589211 291099
517815 467155
879598 736812
394583 711965
764321 228275
983408 716501
398466 529644
51905 792749
36242 894750
539474 394888
339417 451720
607532 723645
772411 622542
648784 805484
841848 122869
928172 155061
622216 945263
682075 960191
672156 501814
244293 590862
307363 950681
994529 741905
48860 220033
114783 46434
955526 85101
536820 654256
892105 809147
431690 658557
978245 664516
301590 594678
749739 820093
765357 229762
189953 371955
387973 447432
552499 376313
841198 146471
888375 859861
594099 349932
910570 937234
536540 708881
877342 866096
189448 587564
246121 769447
433964 621137
215816 224366
558664 249758
479519 965554
851713 324021
285657 183676
559988 239686
386156 838155
212222 401186
751117 788736
240175 806320
29406 175892
41988 290919
878483 906747
190400 231436
366777 638808
377379 138568
388325 96797
62351 936042
260063 382048
565723 428268
182159 59924
898079 125711
41101 82519
871254 624505
430825 306422
482314 625634
916552 974434
395387 38506
784145 309240
462253 99991
238558 150923
247719 839631
289878 141087
523134 824274
252542 64145
124068 88857
728771 948904
31424 22147
646651 769871
590497 416882
556720 591680
80320 72811
625521 473273
296717 475706
575696 409666
560588 273174
627009 328458
469544 808307
146786 916886
981030 992677
595738 913531
862436 105099
641449 324509
608584 408064
824945 802305
908189 199081
786096 381666
369143 988508
464214 411617
821282 180064
453238 554114
882571 381871
704382 80247
997133 866319
858996 851167
278903 492368
111671 968938
293447 141339
549402 753120
69630 416235
615316 888552
270218 977818
966327 401412
813028 153565
333628 944745
13065 148515
530385 301070
381317 895635
761955 748971
114343 892654
899226 135156
618299 393246
48789 10898
764017 425950
842185 112396
948 347851
325669 457501
373117 785369
453138 806200
265151 700349
848863 786765
602040 278215
173850 893453
642424 983356
390215 450009
99370 270972
664217 289441
300338 717668
143618 713005
339605 578559
926409 985802
957507 340552
640125 766283
572483 330624
545177 93263
394233 837633
115848 908245
801698 996272
979628 803902
253911 958326
743502 884047
173488 867484
585152 407719
634929 988030
566589 728770
714572 974533
829290 7204
773486 186285
31113 469415
562678 860173
212012 576290
998739 471115
467387 842063
645965 800437
272968 961219
845266 414081
281565 16471
938393 532958
520988 380922
109692 87527
62061 601782
608985 338468
524752 405555
389174 896675
271053 555865
646359 466056
937170 483064
839332 645098
959739 404557
365776 999501
413582 746911
763381 211042
744000 209352
104478 215980
303506 264988
380974 214169
66841 879770
799529 989958
400838 591593
661662 188704
654759 671891
669159 308021
953118 591930
996486 508491
507993 427062
173973 362263
87509 435779
159335 451559
667538 831508
610701 263812
992184 485248
879223 991674
495838 59026
164823 678752
867455 410880
82771 826484
648709 522215
628349 266135
288830 116032
543093 139040
501302 311027
746806 717065
682828 103016
448728 420345
198362 350366
349819 573633
79513 190546
763775 229042
421998 575350
986229 928597
755081 289454
325873 583205
363544 917994
34026 468426
607465 652373
963400 91323
808388 622972
725987 224411
158960 491216
355787 688919
262553 357321
547867 219810
448851 342065
431619 311642
754444 870848
674506 417848
515257 23730
941724 514583
983008 878800
531174 975749
67073 590474
213446 8779
747393 389665
395085 453637
142556 906352
263674 265076
484885 405108
261377 325745
151591 447940
832993 692995
110844 906034
929764 21704
536287 140305
19106 871488
361442 33500
623973 64484
73262 942718
846587 351623
805259 820654
727006 755877
535157 462020
867127 504884
830628 534247
496391 128505
821499 982219
402458 329384
865292 446547
586852 846426
717914 401579
435078 120162
184645 593561
50484 573256
924878 257906
592764 411276
681357 244343
706362 833974
338859 216514
750760 87694
730402 683691
180115 247152
90740 551902
512653 582573
428999 956031
871814 99505
219666 661118
768883 821097
394353 918514
690624 333571
259051 833435
591982 283388
631567 940407
156922 298344
386038 970425
168321 421886
669037 630644
182546 348436
445213 273982
230013 209404
823112 388416
49534 616032
437129 556983
475497 332621
666192 345686
693325 166122
963713 439447
379855 285308
583651 595280
79910 536776
958661 483893
114538 248231
596666 141904
415885 811287
20691 556083
944498 160102
776133 358008
914990 994032
840857 727466
73152 390487
70813 21254
460701 766477
51785 34527
629806 840555
891535 149640
147738 709716
472151 364401
506304 776479
101971 68817
624899 436393
596495 636866
994873 569397
77634 886832
614299 909863
300350 432696
453949 201655
482336 885367
919893 914649
269409 534120
197965 549699
773619 160944
39550 859906
636385 245770
828790 545853
496451 252560
889425 967893
51496 607150
493982 884298
308366 643333
76029 622485
824140 122921
8288 529978
958831 306476
354801 928180
992083 742445
417593 66970
926875 279908
525677 457142
517200 77465
330024 868672
836565 13651
135005 733654
617952 402265
45599 143191
765676 440523
563443 121627
165809 104021
924700 571730
499910 638845
895494 793705
860674 491993
286105 313087
284434 301754
893422 811782
194659 801633
329488 737651
471305 545428
947693 464492
607682 603461
43984 507496
143327 887562
991582 607426
693360 823340
462185 430488
224193 193270
199468 871883
184970 599072
900825 485572
811558 469403
785240 308453
46104 6217
65850 114728
93424 31613
635073 527747
35243 701106
102873 193262
314892 178569
516113 94456
39148 8253
715726 492502
364385 263340
376616 915193
914970 63560
532962 277442
100099 240733
761154 832407
947134 146202
692018 827003
354750 40559
255869 327091
34557 904196
596969 358741
967400 349449
871905 113083
605584 6548
784092 587631
17030 969969
33529 160708
952353 931999
686936 80695
913101 52452
712857 448090
275093 374441
414999 404875
246171 144047
48243 185072
543812 280727
144380 645212
272499 25418
31965 530489
118121 878082
362256 330261
5174 649354
581353 395784
990683 957526
524183 268289
230584 903784
278225 237040
156120 505676
163928 207428
392499 916494
711425 212170
371586 450516
475933 855805
900498 644084
36372 22102
866567 18619
667972 398627
308616 871740
829266 763529
546023 299299
717287 867653
618898 776606
796486 509717
717144 775017
691511 960413
686788 623848
588568 402936
772945 572578
216663 64501
600806 673444
206267 767238
165865 467373
339113 388444
666177 474480
773778 682584
64442 212200
503010 5271
514987 683339
458356 813701
774114 746335
370183 664071
581212 975106
547685 958750
537455 868361
541805 278552
45790 652466
634043 262277
650720 211654
200339 973156
169945 316897
43302 488321
493591 234386
431930 60516
874216 8578
754913 404490
68562 162536
137642 639300
112256 163978
32339 685326
963877 163915
816380 88349
350625 523871
735525 450424
937784 515549
832445 935863
424184 621933
370523 389951
450467 431980
440557 802452
721147 838887
1423 709674
863179 789708
467890 139065
338595 489639
653553 500228
588576 816677
340548 984138
948766 453405
968953 590277
526140 400755
536892 315604
705554 464529
896508 907414
224072 670225
509113 851269
75149 945218
249131 24740
163804 452532
942170 231225
731452 16604
833280 109928
608270 834233
287638 173828
278310 557036
471995 770796
86400 318654
783182 8887
430506 306158
490588 193895
559369 654577
114000 513905
538644 148722
601253 877334
108559 702448
719051 543423
167555 354215
702652 66536
754567 775825
332861 504495
275291 32877
351531 804856
327947 361690
182052 648917
357017 758452
927233 672639
186544 916385
579311 555437
946975 725188
941840 180564
238191 569738
923953 175096
755835 405745
181570 626605
645304 510402
543279 28636
347696 920594
796488 409014
57931 675642
948299 978540
165384 414947
845536 875532
430970 866132
591320 424847
119615 377945
947683 47365
736664 357805
277755 385841
526650 492499
2901 973528
516368 171955
606753 60384
469397 864063
53911 403242
895986 41533
970683 2210
391946 61370
927501 330425
269476 822915
715065 33026
594594 389091
261100 176953
562793 331258
823756 53059
26588 603647
289806 826657
401245 542955
921223 896559
299801 870642
426379 975133
491547 195787
771360 397062
241691 883492
220613 213067
760296 511167
414462 935677
626834 354891
686148 675561
242825 703831
307478 509905
850766 269412
326571 597284
8048 252011
636857 761998
251336 307848
17839 577440
488707 742882
140580 303403
516469 730397
241564 361192
811073 276766
631656 656025
845791 437907
655942 832008
856117 88616
872231 963419
74908 706883
473099 713006
475005 597159
905006 624160
201601 726340
983427 437049
740452 690307
420704 124007
999402 771125
562095 176473
832497 810475
762586 707955
539964 192493
795312 418528
896151 396081
617169 667543
380550 485264
82423 604472
228632 369759
96099 501634
938682 430232
634743 593730
717736 193339
478669 55448
231920 717138
41818 40764
262924 578621
285319 804403
222931 802887
713172 80631
748174 633287
118551 844545
449017 642928
12687 200973
702606 191854
622085 622989
216720 155494
863036 256829
826480 934455
165799 855909
896673 572604
665429 207616
526224 673801
990892 950747
31379 263359
896645 704064
62815 293757
936684 15196
730373 26036
217889 463575
86564 432979
102677 354179
125212 303283
751943 479918
335827 465896
38500 431946
153766 746704
420505 703928
168881 679989
943348 411397
629666 200259
494015 354198
369394 206685
232720 944903
408478 99767
46950 964813
833196 9246
826733 663831
143749 472612
938507 92881
524826 993779
740484 491211
195139 192796
872785 160989
86591 364019
78482 330338
684535 716256
437145 86701
545808 568133
182104 669864
148882 954285
477736 229054
407089 982077
454689 304469
397349 550837
544616 907400
398611 436379
629174 799304
474498 593750
471973 16164
860705 561088
791548 64660
151360 59446
627578 228693
412761 697168
165658 323887
552940 561643
543720 643393
462066 474233
539274 512614
420014 373619
809997 598094
397399 818625
926579 953376
969539 871896
947188 912756
977415 344450
403895 738736
481633 642980
340148 31473
355359 894393
456036 20010
177608 422503
410940 513961
540779 639673
13293 950213
548308 960792
293622 337494
290870 945706
331807 220201
132958 774614
119064 278995
17731 624577
267557 522958
68635 13568
907960 121909
656123 938198
874905 363997
392162 833730
987607 800050
750263 932940
893732 515104
852598 298571
758481 701559
921759 657672
946490 90288
883486 568921
707703 579758
102716 415421
428988 975259
611373 685555
137958 336949
215150 781700
615430 527067
327117 607311
540251 117242
632346 77381
890155 948187
649746 999148
171025 648637
253129 85711
654631 117516
697273 136616
552036 876538
366003 314194
513953 981024
832177 977375
759075 651910
693181 47327
654637 888709
5951 20299
611883 709092
171484 152501
665853 502038
664879 821230
906940 836878
468598 432213
83033 75776
952314 680075
994268 635068
130297 832521
809896 22426
188540 476678
524004 83176
486089 881721
902019 178641
401937 6244
158745 513902
530144 573421
908855 824597
661475 709228
141441 330000
919979 644277
324353 224473
373745 386498
219019 832825
855251 18247
494924 28915
626294 43791
925511 18929
711773 112383
632831 341735
369841 627915
201336 791575
130377 899985
123418 110191
440190 306057
950333 264858
3535 360169
260872 274686
107512 377279
909729 479890
23010 476967
520757 404654
937786 649303
275891 960473
302208 163764
791678 908721
214501 186254
86239 507218
131613 344877
650933 723860
988717 86007
960380 115472
390157 992251
883734 221252
701141 11873
488839 307669
712322 724150
373454 523801
484274 164313
842280 163549
586474 300686
486939 633959
655381 800974
660055 87382
811241 786994
873000 825193
940664 799958
306414 833380
54632 845025
371103 704353
12022 755773
994127 374146
897946 238548
